[0.00510204        nan        nan 0.00510204        nan        nan]
[0.01530612 0.13059219 0.14326505 0.01530612 0.1240133  0.13621115]
[0.0255102  0.20282616 0.17385021 0.0255102  0.20879848 0.17568445]
[0.03571429 0.25523934 0.19006135 0.03571429 0.26264108 0.18681829]
[0.04591837 0.32378311 0.19298709 0.04591837 0.33132535 0.18303469]
[0.05612245 0.358041   0.20135731 0.05612245 0.35713074 0.18169884]
[0.06632653 0.37724061 0.18499061 0.06632653 0.40061696 0.18948746]
[0.07653061 0.39170644 0.18850428 0.07653061 0.41404517 0.18190531]
[0.08673469 0.42163021 0.18157265 0.08673469 0.43487473 0.17598926]
[0.09693878 0.42695143 0.17824408 0.09693878 0.44283853 0.1793328 ]
[0.10714286 0.43159847 0.17812376 0.10714286 0.44248092 0.17745715]
[0.11734694 0.43283408 0.17902271 0.11734694 0.44174749 0.17004895]
[0.12755102 0.45395538 0.16929416 0.12755102 0.43819577 0.16767778]
[0.1377551  0.43506656 0.17231585 0.1377551  0.43537216 0.17415156]
[0.14795918 0.44510167 0.16569836 0.14795918 0.43837491 0.17590711]
[0.15816327 0.43719341 0.17532896 0.15816327 0.4485219  0.17571865]
[0.16836735 0.43481743 0.17597981 0.16836735 0.43948641 0.17323285]
[0.17857143 0.44667035 0.17591595 0.17857143 0.43713048 0.17127626]
[0.18877551 0.43934941 0.18001565 0.18877551 0.43225661 0.17214461]
[0.19897959 0.44106228 0.17165021 0.19897959 0.43600096 0.17973424]
[0.20918367 0.43943481 0.1758396  0.20918367 0.43853526 0.17517129]
[0.21938776 0.44070056 0.17555711 0.21938776 0.44010637 0.17804705]
[0.22959184 0.44300548 0.17751437 0.22959184 0.43664634 0.17831902]
[0.23979592 0.42891947 0.17546597 0.23979592 0.42852352 0.18018965]
[0.25       0.43757673 0.17265569 0.25       0.42940472 0.17510796]
[0.26020408 0.44037457 0.17609216 0.26020408 0.41597731 0.18132133]
[0.27040816 0.44626488 0.17504254 0.27040816 0.4124118  0.18369341]
[0.28061224 0.44395849 0.17775474 0.28061224 0.40216852 0.18589423]
[0.29081633 0.43810395 0.17697595 0.29081633 0.40449908 0.18769598]
[0.30102041 0.44140758 0.17196761 0.30102041 0.40574232 0.19000438]
[0.31122449 0.44070178 0.17707896 0.31122449 0.41086633 0.18454494]
[0.32142857 0.44029244 0.17790076 0.32142857 0.40468849 0.18883784]
[0.33163265 0.44074766 0.17434187 0.33163265 0.41871674 0.18438332]
[0.34183673 0.43597832 0.17874381 0.34183673 0.42433575 0.18578203]
[0.35204082 0.4368221  0.17684094 0.35204082 0.43354063 0.17763966]
[0.3622449  0.43497571 0.18020079 0.3622449  0.42775593 0.17762083]
[0.37244898 0.4365208  0.17188003 0.37244898 0.43209021 0.17748417]
[0.38265306 0.4417194  0.17645631 0.38265306 0.43934113 0.17630067]
[0.39285714 0.45049328 0.17393936 0.39285714 0.44758036 0.17592377]
[0.40306122 0.43733151 0.17338037 0.40306122 0.44061966 0.1763753 ]
[0.41326531 0.4413839  0.17760524 0.41326531 0.4313419  0.17633598]
[0.42346939 0.44670953 0.17417579 0.42346939 0.43446607 0.17560651]
[0.43367347 0.44187791 0.17416341 0.43367347 0.43951691 0.17570858]
[0.44387755 0.43322825 0.1771892  0.44387755 0.43935381 0.17357835]
[0.45408163 0.43757398 0.17770611 0.45408163 0.43612393 0.17756041]
[0.46428571 0.43776317 0.17274529 0.46428571 0.43124385 0.17789866]
[0.4744898  0.44878112 0.17110426 0.4744898  0.44890387 0.17797452]
[0.48469388 0.44522115 0.17591105 0.48469388 0.43093823 0.18180225]
[0.49489796 0.44564194 0.17676607 0.49489796 0.43461832 0.1770773 ]
[0.00510204        nan        nan 0.00510204        nan        nan]
[0.01530612 0.12495686 0.14950368 0.01530612 0.13585749 0.13586947]
[0.0255102  0.20254051 0.17684276 0.0255102  0.20064844 0.16215914]
[0.03571429 0.24446021 0.18431811 0.03571429 0.26858334 0.18342388]
[0.04591837 0.30280511 0.18653692 0.04591837 0.34272107 0.19995772]
[0.05612245 0.36696876 0.19066848 0.05612245 0.37706423 0.19535091]
[0.06632653 0.38337529 0.18960462 0.06632653 0.40835264 0.20123134]
[0.07653061 0.41132629 0.18511292 0.07653061 0.42666807 0.19273256]
[0.08673469 0.41763168 0.18654616 0.08673469 0.43002131 0.18337875]
[0.09693878 0.42713999 0.18108222 0.09693878 0.43732719 0.17619703]
[0.10714286 0.43231126 0.17987237 0.10714286 0.43202998 0.17165167]
[0.11734694 0.43402645 0.17297404 0.11734694 0.4437425  0.17677025]
[0.12755102 0.43496699 0.17503909 0.12755102 0.4300169  0.18024506]
[0.1377551  0.44708839 0.1714861  0.1377551  0.44123203 0.17600384]
[0.14795918 0.44209387 0.18487087 0.14795918 0.44247238 0.17397014]
[0.15816327 0.4343396  0.17811211 0.15816327 0.43575748 0.18438916]
[0.16836735 0.43698729 0.17536182 0.16836735 0.4396668  0.17602147]
[0.17857143 0.44095169 0.17143891 0.17857143 0.43667854 0.18017432]
[0.18877551 0.44903175 0.1769598  0.18877551 0.45429866 0.17688196]
[0.19897959 0.45036252 0.17567479 0.19897959 0.44516794 0.17910922]
[0.20918367 0.44473207 0.17745299 0.20918367 0.44300233 0.18135737]
[0.21938776 0.44607914 0.17781297 0.21938776 0.43423015 0.18028857]
[0.22959184 0.43837402 0.17572075 0.22959184 0.43516706 0.17584153]
[0.23979592 0.44768259 0.17554027 0.23979592 0.42537575 0.18094422]
[0.25       0.44950559 0.17568285 0.25       0.42469353 0.18457527]
[0.26020408 0.43865739 0.17268701 0.26020408 0.41700486 0.18413667]
[0.27040816 0.44338789 0.17409292 0.27040816 0.41179006 0.18883119]
[0.28061224 0.44091523 0.18282367 0.28061224 0.40849656 0.18465286]
[0.29081633 0.44625371 0.17384237 0.29081633 0.40576249 0.19091806]
[0.30102041 0.44120447 0.17418728 0.30102041 0.39908719 0.19217115]
[0.31122449 0.44808755 0.18007158 0.31122449 0.40597675 0.19041552]
[0.32142857 0.44274373 0.1770323  0.32142857 0.41329536 0.19109951]
[0.33163265 0.4500797  0.18022751 0.33163265 0.41856557 0.18742908]
[0.34183673 0.43986589 0.17434478 0.34183673 0.42554149 0.18167705]
[0.35204082 0.4415601  0.17376567 0.35204082 0.42680953 0.18059578]
[0.3622449  0.44079586 0.17765431 0.3622449  0.43276227 0.18037128]
[0.37244898 0.4411584  0.17689783 0.37244898 0.43217207 0.18202756]
[0.38265306 0.44335326 0.17720965 0.38265306 0.43390476 0.18108851]
[0.39285714 0.44129375 0.17552758 0.39285714 0.44012111 0.18278431]
[0.40306122 0.44188569 0.17792692 0.40306122 0.44183481 0.17928298]
[0.41326531 0.43825507 0.17445232 0.41326531 0.43802356 0.17743766]
[0.42346939 0.44407953 0.1736263  0.42346939 0.44130629 0.17542929]
[0.43367347 0.44127813 0.17310627 0.43367347 0.44140203 0.1713655 ]
[0.44387755 0.44644229 0.17824514 0.44387755 0.43694127 0.18034161]
[0.45408163 0.4376181  0.17684437 0.45408163 0.44272612 0.1796974 ]
[0.46428571 0.44229955 0.17599976 0.46428571 0.43001515 0.17659322]
[0.4744898  0.44411687 0.17823792 0.4744898  0.44280368 0.18171144]
[0.48469388 0.44194307 0.17583435 0.48469388 0.43557813 0.18169087]
[0.49489796 0.44562305 0.17382089 0.49489796 0.43104273 0.1797572 ]
